3.272 0
3.26 0.006
3.263 0.013
3.263 0.019
3.261 0.026
3.268 0.032
3.266 0.038
3.276 0.045
3.277 0.051
3.275 0.058
3.267 0.064
3.274 0.071
3.276 0.077
3.284 0.084
3.282 0.09
3.287 0.097
3.284 0.103
3.302 0.11
3.285 0.116
3.287 0.123
3.276 0.129
3.269 0.135
3.266 0.141
3.268 0.148
3.271 0.154
3.293 0.162
3.283 0.168
3.284 0.174
3.29 0.181
3.297 0.188
3.286 0.194
3.296 0.201
3.282 0.206
3.29 0.213
3.3 0.221
3.297 0.227
3.304 0.234
3.289 0.239
3.288 0.246
3.298 0.253
3.288 0.259
3.286 0.265
3.294 0.272
3.293 0.279
3.302 0.286
3.291 0.292
3.288 0.298
3.291 0.305
3.293 0.311
3.3 0.318
3.293 0.324
3.302 0.332
3.299 0.338
3.303 0.345
3.303 0.352
3.315 0.359
3.298 0.364
3.297 0.371
3.31 0.379
3.314 0.386
3.321 0.393
3.306 0.398
3.308 0.405
3.303 0.411
3.303 0.417
3.296 0.423
3.309 0.431
3.316 0.439
3.312 0.445
3.313 0.452
3.326 0.46
3.318 0.466
3.326 0.473
3.317 0.479
3.306 0.484
3.309 0.491
3.302 0.496
3.31 0.504
3.308 0.511
3.319 0.519
3.306 0.524
3.307 0.53
3.315 0.538
3.31 0.544
3.319 0.552
3.312 0.558
3.311 0.564
3.309 0.571
3.305 0.577
3.319 0.586
3.313 0.592
3.318 0.599
3.313 0.605
3.304 0.61
3.304 0.617
3.312 0.625
3.309 0.631
3.305 0.637
3.297 0.642
3.3 0.65
3.312 0.659
3.306 0.664
3.313 0.673
3.304 0.677
3.311 0.686
3.307 0.692
3.319 0.701
3.303 0.704
3.312 0.713
3.311 0.72
3.317 0.728
3.309 0.733
3.297 0.737
3.301 0.745
3.312 0.754
3.306 0.76
3.301 0.765
3.3 0.772
3.307 0.78
3.308 0.787
3.309 0.794
3.298 0.799
3.307 0.808
3.313 0.816
3.308 0.822
3.311 0.829
3.311 0.836
3.311 0.843
3.3 0.847
3.314 0.858
3.309 0.863
3.307 0.87
3.302 0.876
3.313 0.885
3.307 0.891
3.309 0.898
3.306 0.904
3.311 0.913
3.312 0.92
3.315 0.928
3.322 0.937
3.314 0.942
3.307 0.947
3.312 0.955
3.31 0.962
3.303 0.967
3.306 0.975
3.302 0.98
3.296 0.986
3.311 0.997
3.312 1.005
3.305 1.01
3.307 1.017
3.312 1.026
3.308 1.032
3.299 1.036
3.301 1.044
3.317 1.056
3.312 1.062
3.309 1.068
3.304 1.073
3.302 1.08
3.307 1.089
3.307 1.096
3.292 1.098
3.295 1.106
3.303 1.116
3.301 1.123
3.308 1.133
3.305 1.139
3.298 1.144
3.301 1.152
3.299 1.159
3.294 1.164
3.295 1.172
3.294 1.178
3.297 1.187
3.289 1.192
3.289 1.199
3.285 1.204
3.286 1.212
3.296 1.223
3.285 1.226
3.287 1.235
3.285 1.241
3.286 1.249
3.286 1.256
3.286 1.264
3.279 1.269
3.274 1.274
3.264 1.278
3.265 1.285
3.269 1.294
3.275 1.304
3.276 1.312
3.272 1.318
3.27 1.325
3.267 1.331
3.272 1.34
3.271 1.347
3.267 1.353
3.269 1.362
3.267 1.368
3.269 1.377
3.269 1.384
3.259 1.388
3.256 1.394
3.264 1.405
3.266 1.413
3.262 1.419
3.259 1.425
3.253 1.43
3.256 1.44
3.259 1.448
3.264 1.458
3.256 1.462
3.256 1.47
3.254 1.477
3.248 1.482
3.25 1.491
3.25 1.498
3.248 1.505
3.252 1.515
3.248 1.52
3.248 1.528
3.248 1.536
3.248 1.544
3.244 1.55
3.244 1.558
3.244 1.566
3.241 1.572
3.243 1.581
3.241 1.588
3.245 1.598
3.241 1.604
3.239 1.61
3.243 1.62
3.24 1.627
3.229 1.629
3.242 1.644
3.226 1.644
3.23 1.654
3.231 1.662
3.229 1.669
3.226 1.676
3.222 1.682
3.222 1.69
3.226 1.7
3.218 1.704
3.216 1.711
3.221 1.721
3.217 1.728
3.21 1.732
3.207 1.738
3.208 1.747
3.206 1.754
3.205 1.762
3.202 1.768
3.207 1.779
3.204 1.786
3.206 1.796
3.2 1.8
3.202 1.81
3.2 1.817
3.202 1.826
3.197 1.832
3.189 1.836
3.192 1.846
3.189 1.852
3.19 1.861
3.188 1.869
3.194 1.881
3.185 1.884
3.183 1.891
3.173 1.894
3.175 1.903
3.177 1.912
3.175 1.92
3.171 1.926
3.171 1.935
3.175 1.945
3.176 1.955
3.172 1.961
3.17 1.968
3.164 1.973
3.16 1.979
3.161 1.989
3.157 1.995
3.152 2
3.148 2.006
3.148 2.015
3.15 2.025
3.147 2.032
3.145 2.039
3.148 2.051
3.145 2.057
3.136 2.06
3.135 2.068
3.127 2.072
3.126 2.08
3.124 2.087
3.116 2.091
3.125 2.106
3.121 2.112
3.121 2.121
3.116 2.126
3.11 2.132
3.104 2.136
3.107 2.147
3.107 2.156
3.105 2.164
3.112 2.178
3.101 2.179
3.096 2.185
3.095 2.193
3.094 2.202
3.091 2.209
3.088 2.216
3.09 2.226
3.082 2.23
3.086 2.242
3.086 2.251
3.079 2.256
3.076 2.263
3.072 2.269
3.073 2.279
3.07 2.286
3.065 2.292
3.059 2.297
3.062 2.308
3.057 2.314
3.048 2.317
3.053 2.33
3.052 2.339
3.049 2.346
3.043 2.351
3.043 2.36
3.035 2.364
3.039 2.376
3.036 2.383
3.037 2.394
3.032 2.4
3.025 2.404
3.025 2.414
3.02 2.419
3.015 2.425
3.012 2.433
3.009 2.44
3.01 2.45
3.008 2.459
3.001 2.463
3.002 2.474
2.997 2.479
2.994 2.487
2.994 2.497
2.989 2.503
2.989 2.512
2.984 2.519
2.983 2.528
2.971 2.528
2.962 2.529
2.957 2.535
2.952 2.541
2.947 2.547
2.942 2.553
1.411 1.229
1.409 1.232
1.406 1.235
1.404 1.238
1.401 1.24
1.399 1.243
1.397 1.246
1.414 1.266
1.411 1.269
1.409 1.272
1.406 1.275
1.404 1.277
1.401 1.28
1.399 1.283
1.396 1.286
1.381 1.277
1.379 1.279
1.376 1.282
1.374 1.285
1.371 1.288
1.369 1.29
1.366 1.293
1.291 1.227
1.289 1.229
1.286 1.232
1.284 1.234
1.281 1.237
1.279 1.239
1.276 1.242
1.156 1.129
1.154 1.131
1.151 1.133
1.149 1.136
1.147 1.138
1.145 1.14
1.142 1.142
1.015 1.019
1.013 1.021
1.011 1.023
1.009 1.025
1.007 1.027
1.005 1.029
0.917 0.943
0.915 0.944
0.913 0.946
0.911 0.948
0.91 0.95
0.908 0.952
0.913 0.96
0.911 0.962
0.909 0.964
0.907 0.966
0.905 0.968
0.903 0.969
0.901 0.971
0.877 0.949
0.875 0.95
0.873 0.952
0.871 0.954
0.87 0.956
1.173 1.294
1.17 1.296
1.168 1.299
1.165 1.301
1.163 1.303
1.16 1.305
1.157 1.308
1.155 1.31
1.64 1.868
1.637 1.871
1.633 1.875
1.629 1.878
1.626 1.881
2.159 2.508
2.154 2.512
2.149 2.517
2.144 2.521
2.14 2.525
2.577 3.053
2.571 3.058
2.565 3.063
2.559 3.068
2.553 3.073
2.547 3.078
2.541 3.083
2.743 3.342
2.736 3.347
2.729 3.353
2.723 3.358
2.716 3.363
2.571 3.196
2.565 3.201
2.558 3.206
2.552 3.211
2.562 3.237
2.556 3.242
2.55 3.247
2.543 3.252
2.537 3.257
2.53 3.262
2.537 3.283
2.53 3.288
2.524 3.293
2.517 3.298
2.508 3.3
2.501 3.305
2.495 3.309
2.488 3.314
2.482 3.319
2.473 3.32
2.466 3.325
2.459 3.33
2.453 3.335
2.446 3.339
2.493 3.417
2.486 3.422
2.48 3.427
2.473 3.432
2.431 3.387
2.424 3.392
2.417 3.397
2.402 3.389
2.395 3.393
2.388 3.398
2.382 3.403
2.375 3.407
2.377 3.425
2.37 3.429
2.363 3.434
2.365 3.451
2.359 3.456
2.352 3.461
2.383 3.522
2.376 3.526
2.369 3.531
2.362 3.536
2.468 3.709
2.461 3.714
2.453 3.719
2.446 3.724
2.365 3.616
2.358 3.62
2.332 3.595
2.324 3.6
2.317 3.605
2.31 3.609
2.331 3.657
2.324 3.662
2.317 3.666
2.261 3.595
2.254 3.599
2.249 3.606
2.242 3.61
2.235 3.615
2.285 3.712
2.278 3.717
2.27 3.721
2.244 3.695
2.237 3.699
2.272 3.773
2.264 3.778
2.257 3.782
2.32 3.906
2.313 3.911
2.293 3.894
2.285 3.898
2.284 3.914
2.276 3.918
2.28 3.943
2.272 3.947
2.272 3.966
2.265 3.97
2.271 4
2.263 4.005
2.268 4.032
2.26 4.036
2.257 4.05
2.246 4.048
2.238 4.052
2.23 4.057
2.218 4.054
2.21 4.058
2.208 4.073
2.21 4.097
2.202 4.101
2.205 4.126
2.208 4.15
2.205 4.164
2.197 4.169
2.186 4.168
2.175 4.168
2.168 4.174
2.168 4.194
2.171 4.22
2.167 4.233
2.165 4.249
2.156 4.251
2.143 4.247
2.136 4.254
2.123 4.249
2.12 4.264
2.102 4.247
2.082 4.229
2.066 4.217
2.056 4.218
2.044 4.214
2.033 4.213
2.018 4.203
2.004 4.194
1.996 4.2
1.984 4.195
1.977 4.2
1.972 4.213
1.944 4.173
1.94 4.187
1.933 4.194
1.924 4.196
1.914 4.195
1.902 4.191
1.893 4.192
1.886 4.199
1.879 4.206
1.875 4.219
1.868 4.226
1.862 4.233
1.851 4.232
1.842 4.235
1.836 4.242
1.828 4.248
1.821 4.254
1.814 4.26
1.808 4.269
1.802 4.278
1.796 4.288
1.789 4.295
1.782 4.303
1.774 4.307
1.768 4.317
1.762 4.326
1.754 4.33
1.747 4.337
1.739 4.343
1.731 4.347
1.724 4.354
1.718 4.364
1.711 4.373
1.702 4.375
1.698 4.388
1.691 4.395
1.684 4.404
1.677 4.412
1.67 4.419
1.662 4.425
1.652 4.426
1.644 4.429
1.636 4.435
1.628 4.441
1.622 4.45
1.613 4.453
1.605 4.458
1.597 4.462
1.59 4.472
1.582 4.476
1.574 4.483
1.567 4.49
1.561 4.502
1.555 4.512
1.546 4.516
1.538 4.522
1.529 4.523
1.52 4.527
1.514 4.537
1.506 4.543
1.498 4.548
1.49 4.554
1.486 4.573
1.478 4.58
1.47 4.586
1.462 4.593
1.452 4.592
1.442 4.59
1.433 4.593
1.425 4.6
1.418 4.608
1.41 4.615
1.403 4.624
1.396 4.633
1.387 4.638
1.38 4.648
1.374 4.661
1.365 4.664
1.357 4.671
1.349 4.677
1.339 4.678
1.331 4.684
1.323 4.69
1.314 4.695
1.306 4.7
1.297 4.706
1.289 4.713
1.282 4.724
1.275 4.732
1.265 4.734
1.257 4.739
1.249 4.748
1.241 4.755
1.233 4.762
1.224 4.767
1.215 4.77
1.205 4.772
1.197 4.777
1.19 4.789
1.183 4.802
1.175 4.811
1.166 4.814
1.156 4.814
1.146 4.816
1.139 4.826
1.13 4.834
1.122 4.839
1.114 4.847
1.104 4.852
1.095 4.854
1.087 4.861
1.075 4.856
1.066 4.858
1.057 4.862
1.048 4.869
1.04 4.877
1.031 4.883
1.021 4.881
1.012 4.889
1.003 4.894
0.995 4.903
0.987 4.912
0.979 4.922
0.971 4.931
0.963 4.942
0.954 4.95
0.946 4.957
0.936 4.961
0.927 4.963
0.917 4.967
0.908 4.972
0.899 4.976
0.889 4.98
0.881 4.99
0.872 4.997
0.863 5.001
0.853 5.006
0.844 5.008
0.835 5.015
0.826 5.023
0.816 5.025
0.806 5.026
0.797 5.031
0.787 5.033
0.777 5.033
0.767 5.034
0.758 5.04
0.749 5.05
0.739 5.052
0.731 5.064
0.722 5.074
0.712 5.078
0.703 5.08
0.693 5.083
0.682 5.081
0.673 5.085
0.663 5.09
0.654 5.093
0.644 5.094
0.634 5.098
0.625 5.106
0.614 5.105
0.604 5.107
0.595 5.113
0.586 5.119
0.576 5.129
0.568 5.142
0.558 5.147
0.548 5.15
0.538 5.154
0.529 5.16
0.519 5.169
0.51 5.179
0.5 5.182
0.49 5.184
0.48 5.191
0.471 5.203
0.461 5.204
0.451 5.205
0.441 5.205
0.43 5.206
0.42 5.207
0.41 5.208
0.4 5.21
0.39 5.217
0.381 5.228
0.371 5.236
0.361 5.251
0.352 5.262
0.341 5.263
0.331 5.26
0.32 5.258
0.31 5.261
0.3 5.265
0.29 5.267
0.28 5.27
0.27 5.28
0.26 5.291
0.25 5.297
0.24 5.3
0.229 5.308
0.219 5.319
0.209 5.32
0.198 5.316
0.188 5.321
0.178 5.321
0.167 5.321
0.157 5.317
0.146 5.314
0.136 5.317
0.125 5.321
0.115 5.323
0.105 5.326
0.094 5.334
0.084 5.339
0.073 5.343
0.063 5.345
0.052 5.347
0.042 5.344
0.031 5.344
0.021 5.34
0.01 5.344
0 5.357
-0.011 5.361
-0.021 5.368
-0.032 5.371
-0.042 5.367
-0.053 5.372
-0.063 5.375
-0.074 5.383
-0.085 5.385
-0.095 5.397
-0.106 5.401
-0.117 5.402
-0.127 5.404
-0.138 5.406
-0.149 5.403
-0.159 5.405
-0.17 5.405
-0.181 5.412
-0.192 5.421
-0.203 5.433
-0.214 5.444
-0.225 5.45
-0.236 5.452
-0.246 5.452
-0.257 5.455
-0.268 5.457
-0.279 5.461
-0.29 5.462
-0.301 5.462
-0.311 5.464
-0.322 5.466
-0.333 5.471
-0.344 5.473
-0.356 5.48
-0.367 5.483
-0.378 5.489
-0.389 5.49
-0.399 5.485
-0.41 5.488
-0.421 5.492
-0.432 5.49
-0.443 5.492
-0.454 5.497
-0.465 5.493
-0.475 5.49
-0.486 5.487
-0.497 5.487
-0.508 5.489
-0.519 5.495
-0.531 5.504
-0.542 5.505
-0.553 5.504
-0.564 5.505
-0.575 5.508
-0.587 5.515
-0.599 5.528
-0.611 5.535
-0.622 5.538
-0.634 5.542
-0.645 5.544
-0.656 5.542
-0.667 5.543
-0.678 5.541
-0.689 5.54
-0.701 5.551
-0.713 5.557
-0.724 5.556
-0.735 5.554
-0.745 5.549
-0.757 5.553
-0.769 5.557
-0.78 5.558
-0.791 5.559
-0.803 5.565
-0.816 5.576
-0.828 5.582
-0.84 5.586
-0.851 5.587
-0.862 5.586
-0.873 5.585
-0.886 5.593
-0.898 5.596
-0.909 5.596
-0.92 5.593
-0.93 5.59
-0.942 5.59
-0.953 5.59
-0.964 5.585
-0.974 5.58
-0.986 5.583
-0.998 5.59
-1.012 5.602
-1.023 5.602
-1.034 5.601
-1.046 5.6
-1.057 5.602
-1.069 5.604
-1.08 5.603
-1.093 5.609
-1.104 5.606
-1.116 5.609
-1.127 5.609
-1.139 5.609
-1.151 5.613
-1.162 5.613
-1.173 5.61
-1.185 5.609
-1.197 5.612
-1.208 5.611
-1.219 5.608
-1.23 5.605
-1.242 5.607
-1.254 5.612
-1.266 5.613
-1.279 5.618
-1.291 5.619
-1.301 5.611
-1.31 5.6
-1.323 5.608
-1.337 5.619
-1.35 5.621
-1.364 5.633
-1.376 5.636
-1.388 5.636
-1.399 5.633
-1.412 5.636
-1.426 5.645
-1.437 5.642
-1.446 5.63
-1.456 5.623
-1.467 5.621
-1.482 5.635
-1.495 5.637
-1.507 5.638
-1.518 5.636
-1.53 5.636
-1.541 5.632
-1.551 5.628
-1.564 5.629
-1.576 5.631
-1.588 5.631
-1.599 5.628
-1.61 5.623
-1.621 5.622
-1.633 5.622
-1.646 5.624
-1.66 5.63
-1.672 5.63
-1.684 5.632
-1.696 5.63
-1.707 5.627
-1.719 5.629
-1.732 5.629
-1.743 5.627
-1.754 5.623
-1.765 5.619
-1.778 5.622
-1.79 5.621
-1.804 5.628
-1.818 5.632
-1.83 5.633
-1.844 5.637
-1.858 5.642
-1.873 5.652
-1.886 5.654
-1.899 5.655
-1.912 5.656
-1.925 5.658
-1.937 5.658
-1.947 5.651
-1.958 5.646
-1.969 5.643
-1.981 5.641
-1.994 5.643
-2.009 5.65
-2.022 5.652
-2.035 5.652
-2.046 5.648
-2.054 5.635
-2.065 5.63
-2.072 5.616
-2.084 5.615
-2.096 5.614
-2.109 5.614
-2.124 5.622
-2.138 5.625
-2.149 5.621
-2.163 5.623
-2.179 5.632
-2.192 5.633
-2.207 5.639
-2.217 5.631
-2.223 5.615
-2.233 5.607
-2.245 5.607
-2.258 5.606
-2.268 5.601
-2.278 5.593
-2.29 5.59
-2.302 5.588
-2.314 5.586
-2.327 5.586
-2.339 5.586
-2.354 5.59
-2.369 5.595
-2.384 5.598
-2.397 5.598
-2.406 5.59
-2.416 5.583
-2.427 5.579
-2.439 5.575
-2.449 5.568
-2.459 5.561
-2.471 5.56
-2.486 5.565
-2.498 5.563
-2.508 5.556
-2.521 5.555
-2.535 5.557
-2.549 5.558
-2.56 5.553
-2.573 5.553
-2.587 5.555
-2.604 5.562
-2.619 5.566
-2.632 5.565
-2.641 5.556
-2.646 5.539
-2.654 5.527
-2.663 5.517
-2.676 5.518
-2.691 5.521
-2.707 5.525
-2.718 5.52
-2.729 5.515
-2.737 5.505
-2.747 5.497
-2.761 5.499
-2.776 5.501
-2.789 5.5
-2.801 5.496
-2.81 5.489
-2.823 5.488
-2.835 5.484
-2.85 5.486
-2.867 5.492
-2.88 5.491
-2.895 5.493
-2.909 5.494
-2.92 5.489
-2.932 5.485
-2.945 5.485
-2.959 5.485
-2.97 5.479
-2.985 5.481
-2.992 5.468
-2.998 5.454
-3.012 5.454
-3.027 5.456
-3.05 5.472
-3.065 5.473
-3.078 5.47
-3.087 5.463
-3.096 5.453
-3.106 5.446
-3.119 5.443
-3.128 5.435
-3.139 5.428
-3.151 5.424
-3.164 5.424
-3.177 5.42
-3.188 5.414
-3.201 5.412
-3.212 5.407
-3.225 5.405
-3.238 5.402
-3.249 5.397
-3.262 5.394
-3.274 5.389
-3.286 5.386
-3.295 5.376
-3.305 5.369
-3.318 5.368
-3.338 5.376
-3.346 5.366
-3.356 5.358
-3.365 5.349
-3.374 5.34
-3.387 5.337
-3.405 5.343
-3.422 5.345
-3.433 5.341
-3.444 5.334
-3.454 5.327
-3.465 5.32
-3.474 5.311
-3.485 5.306
-3.494 5.296
-3.505 5.29
-3.516 5.284
-3.53 5.283
-3.545 5.283
-3.557 5.279
-3.566 5.27
-3.579 5.267
-3.591 5.262
-3.602 5.256
-3.618 5.257
-3.632 5.255
-3.645 5.252
-3.654 5.242
-3.662 5.232
-3.675 5.229
-3.687 5.224
-3.701 5.222
-3.715 5.22
-3.722 5.209
-3.727 5.194
-3.749 5.203
-3.765 5.203
-3.782 5.205
-3.794 5.201
-3.806 5.196
-3.822 5.196
-3.834 5.191
-3.84 5.177
-3.85 5.17
-3.861 5.164
-3.874 5.16
-3.885 5.153
-3.899 5.151
-3.91 5.144
-3.922 5.14
-3.933 5.132
-3.942 5.123
-3.95 5.113
-3.968 5.116
-3.978 5.108
-3.99 5.102
-3.999 5.093
-4.007 5.083
-4.017 5.076
-4.043 5.087
-4.052 5.079
-4.061 5.069
-4.077 5.068
-4.087 5.06
-4.095 5.05
-4.099 5.035
-4.103 5.02
-4.112 5.011
-4.125 5.006
-4.14 5.005
-4.151 4.997
-4.161 4.99
-4.176 4.987
-4.186 4.98
-4.202 4.979
-4.214 4.974
-4.222 4.963
-4.228 4.951
-4.239 4.944
-4.253 4.941
-4.262 4.931
-4.269 4.919
-4.273 4.904
-4.288 4.903
-4.298 4.895
-4.309 4.888
-4.323 4.885
-4.338 4.881
-4.343 4.868
-4.347 4.854
-4.352 4.84
-4.365 4.835
-4.376 4.828
-4.393 4.828
-4.413 4.831
-4.431 4.831
-4.439 4.821
-4.442 4.806
-4.447 4.791
-4.455 4.781
-4.467 4.776
-4.481 4.772
-4.497 4.77
-4.515 4.77
-4.529 4.766
-4.538 4.757
-4.55 4.751
-4.561 4.743
-4.569 4.734
-4.586 4.733
-4.598 4.726
-4.605 4.715
-4.619 4.71
-4.624 4.698
-4.627 4.682
-4.634 4.671
-4.645 4.663
-4.661 4.661
-4.675 4.656
-4.69 4.653
-4.708 4.652
-4.721 4.648
-4.738 4.646
-4.748 4.637
-4.751 4.622
-4.759 4.612
-4.764 4.599
-4.771 4.587
-4.789 4.587
-4.805 4.584
-4.817 4.577
-4.83 4.572
-4.838 4.561
-4.848 4.553
-4.864 4.55
-4.88 4.546
-4.886 4.535
-4.892 4.522
-4.9 4.512
-4.901 4.495
-4.91 4.486
-4.922 4.479
-4.934 4.472
-4.941 4.46
-4.945 4.446
-4.954 4.437
-4.966 4.431
-4.978 4.423
-4.987 4.414
-5.001 4.409
-5.018 4.407
-5.028 4.398
-5.038 4.389
-5.046 4.379
-5.049 4.364
-5.054 4.351
-5.065 4.343
-5.076 4.335
-5.084 4.325
-5.092 4.315
-5.106 4.309
-5.118 4.302
-5.128 4.293
-5.134 4.281
-5.143 4.272
-5.145 4.256
-5.153 4.246
-5.166 4.239
-5.175 4.23
-5.187 4.223
-5.203 4.219
-5.215 4.212
-5.228 4.206
-5.252 4.207
-5.271 4.206
-5.279 4.196
-5.28 4.179
-5.287 4.168
-5.288 4.152
-5.292 4.138
-5.307 4.133
-5.318 4.125
-5.328 4.116
-5.339 4.108
-5.349 4.099
-5.36 4.091
-5.376 4.086
-5.392 4.081
-5.412 4.08
-5.42 4.069
-5.428 4.059
-5.434 4.047
-5.44 4.034
-5.449 4.025
-5.455 4.012
-5.46 4
-5.463 3.985
-5.472 3.975
-5.483 3.967
-5.497 3.961
-5.505 3.95
-5.507 3.935
-5.526 3.933
-5.541 3.927
-5.551 3.918
-5.562 3.909
-5.563 3.893
-5.56 3.875
-5.567 3.864
-5.575 3.853
-5.587 3.845
-5.598 3.837
-5.607 3.826
-5.615 3.816
-5.623 3.805
-5.636 3.798
-5.649 3.791
-5.653 3.777
-5.66 3.766
-5.672 3.757
-5.682 3.748
-5.691 3.738
-5.702 3.729
-5.708 3.718
-5.707 3.701
-5.703 3.682
-5.697 3.663
-5.703 3.651
-5.717 3.644
-5.738 3.641
-5.755 3.636
-5.758 3.623
-5.756 3.605
-5.764 3.595
-5.771 3.583
-5.781 3.574
-5.795 3.567
-5.808 3.559
-5.816 3.548
-5.824 3.538
-5.823 3.522
-5.818 3.503
-5.821 3.489
-5.82 3.473
-5.822 3.458
-5.836 3.451
-5.852 3.445
-5.867 3.438
-5.879 3.431
-5.888 3.42
-5.888 3.404
-5.892 3.391
-5.894 3.377
-5.899 3.365
-5.911 3.356
-5.929 3.351
-5.943 3.343
-5.967 3.341
-5.982 3.334
-5.992 3.325
-6.001 3.315
-6.013 3.306
-6.021 3.295
-6.023 3.281
-6.025 3.266
-6.032 3.255
-6.039 3.243
-6.042 3.23
-6.052 3.22
-6.068 3.213
-6.083 3.206
-6.089 3.194
-6.092 3.18
-6.096 3.167
-6.099 3.153
-6.093 3.135
-6.088 3.117
-6.083 3.099
-6.081 3.083
-6.095 3.076
-6.11 3.068
-6.127 3.062
-6.138 3.052
-6.152 3.044
-6.166 3.036
-6.174 3.024
-6.178 3.011
-6.186 3
-6.198 2.991
-6.208 2.981
-6.213 2.969
-6.222 2.958
-6.23 2.947
-6.234 2.933
-6.233 2.918
-6.232 2.903
-6.238 2.891
-6.241 2.877
-6.241 2.862
-6.252 2.852
-6.256 2.84
-6.255 2.824
-6.26 2.812
-6.271 2.802
-6.287 2.794
-6.293 2.782
-6.296 2.768
-6.305 2.758
-6.312 2.746
-6.317 2.734
-6.319 2.72
-6.33 2.71
-6.34 2.7
-6.343 2.686
-6.343 2.671
-6.341 2.656
-6.344 2.642
-6.344 2.628
-6.351 2.616
-6.36 2.605
-6.37 2.595
-6.375 2.582
-6.377 2.568
-6.38 2.555
-6.381 2.541
-6.381 2.526
-6.395 2.518
-6.412 2.51
-6.43 2.502
-6.436 2.49
-6.446 2.479
-6.453 2.467
-6.445 2.45
-6.448 2.437
-6.456 2.425
-6.471 2.416
-6.49 2.409
-6.506 2.4
-6.521 2.391
-6.541 2.384
-6.695 2.425
-6.532 2.352
-6.536 2.339
-6.541 2.326
-6.546 2.313
-6.196 2.176
-6.2 2.164
-6.204 2.151
-6.208 2.139
-6.212 2.127
-6.217 2.115
-5.793 1.958
-5.797 1.947
-5.801 1.935
-5.432 1.8
-5.435 1.79
-5.439 1.779
-5.161 1.677
-5.164 1.667
-5.167 1.656
-5.17 1.646
-5.174 1.636
-5.398 1.696
-5.402 1.685
-5.729 1.775
-5.733 1.764
-5.736 1.752
-6.285 1.906
-6.289 1.894
-6.292 1.882
-6.296 1.869
-6.707 1.977
-6.711 1.964
-6.715 1.951
-6.81 1.964
-6.814 1.951
-6.759 1.921
-6.763 1.907
-6.767 1.894
-6.77 1.881
-6.683 1.842
-6.686 1.829
-6.553 1.779
-6.556 1.766
-6.67 1.782
-6.673 1.769
-6.677 1.756
-6.823 1.78
-6.827 1.767
-6.747 1.732
-6.75 1.719
-6.897 1.742
-6.9 1.728
-6.904 1.715
-6.972 1.717
-6.975 1.704
-6.947 1.682
-7.035 1.689
-7.038 1.675
-7.041 1.661
-7.188 1.681
-7.133 1.653
-7.136 1.639
-7.139 1.625
-7.142 1.611
-7.146 1.597
-7.149 1.583
-7.152 1.569
-7.155 1.555
-7.158 1.541
-7.161 1.527
-7.164 1.513
-7.167 1.499
-7.169 1.485
-7.165 1.469
-7.178 1.457
-7.267 1.46
-7.153 1.423
-7.085 1.395
-7.127 1.389
-7.009 1.351
-6.999 1.335
-7.165 1.352
-6.983 1.304
-7.078 1.307
-7.071 1.291
-7.245 1.309
-7.201 1.286
-7.132 1.259
-7.138 1.246
-7.132 1.23
-7.089 1.209
-7.072 1.191
-7.08 1.178
-7.077 1.164
-7.048 1.145
-7.017 1.125
-7.016 1.111
-7.028 1.099
-7.03 1.085
-7.027 1.071
-7.019 1.055
-6.998 1.038
-6.997 1.024
-7.003 1.011
-7.001 0.996
-6.985 0.98
-6.962 0.963
-6.955 0.948
-6.955 0.934
-6.939 0.918
-6.929 0.903
-6.897 0.885
-6.87 0.868
-6.876 0.855
-6.858 0.839
-6.849 0.824
-6.853 0.811
-6.854 0.798
-6.861 0.785
-6.864 0.771
-6.872 0.759
-6.876 0.745
-6.877 0.732
-6.878 0.718
-6.88 0.705
-6.884 0.692
-6.892 0.679
-6.893 0.665
-6.892 0.651
-6.892 0.638
-6.887 0.624
-6.876 0.609
-6.871 0.595
-6.863 0.581
-6.86 0.567
-6.863 0.554
-6.873 0.541
-6.879 0.528
-6.886 0.515
-6.883 0.501
-6.884 0.487
-6.888 0.474
-6.891 0.461
-6.896 0.447
-6.893 0.434
-6.881 0.419
-6.863 0.405
-6.85 0.39
-6.852 0.377
-6.862 0.364
-6.867 0.351
-6.872 0.338
-6.876 0.324
-6.879 0.311
-6.883 0.297
-6.88 0.284
-6.873 0.27
-6.87 0.256
-6.869 0.243
-6.872 0.229
-6.881 0.216
-6.884 0.203
-6.892 0.19
-6.893 0.176
-6.891 0.162
-6.875 0.149
-6.87 0.135
-6.857 0.121
-6.852 0.108
-6.845 0.094
-6.845 0.081
-6.844 0.067
-6.854 0.054
-6.859 0.04
-6.863 0.027
-6.868 0.013
-6.87 0
-6.871 -0.013
-6.875 -0.027
-6.881 -0.041
-6.898 -0.054
-6.908 -0.068
-6.911 -0.081
-6.902 -0.095
-6.889 -0.108
-6.857 -0.121
-6.828 -0.134
-6.825 -0.147
-6.827 -0.161
-6.844 -0.175
-6.853 -0.188
-6.844 -0.202
-6.834 -0.215
-6.827 -0.228
-6.823 -0.241
-6.828 -0.255
-6.83 -0.268
-6.832 -0.282
-6.833 -0.295
-6.834 -0.309
-6.831 -0.322
-6.822 -0.335
-6.819 -0.348
-6.818 -0.362
-6.828 -0.376
-6.839 -0.39
-6.841 -0.403
-6.829 -0.416
-6.813 -0.429
-6.792 -0.441
-6.79 -0.454
-6.789 -0.467
-6.793 -0.481
-6.799 -0.495
-6.801 -0.508
-6.801 -0.522
-6.806 -0.536
-6.825 -0.551
-6.825 -0.564
-6.813 -0.577
-6.795 -0.589
-6.782 -0.601
-6.767 -0.613
-6.761 -0.626
-6.761 -0.639
-6.764 -0.653
-6.768 -0.667
-6.766 -0.68
-6.772 -0.694
-6.777 -0.708
-6.773 -0.721
-6.764 -0.733
-6.762 -0.746
-6.758 -0.76
-6.754 -0.772
-6.756 -0.786
-6.758 -0.8
-6.761 -0.814
-6.759 -0.827
-6.765 -0.841
-6.764 -0.855
-6.763 -0.868
-6.76 -0.881
-6.756 -0.894
-6.766 -0.909
-6.772 -0.923
-6.772 -0.937
-6.761 -0.949
-6.751 -0.961
-6.748 -0.974
-6.741 -0.986
-6.725 -0.998
-6.716 -1.01
-6.712 -1.023
-6.706 -1.035
-6.707 -1.049
-6.704 -1.062
-6.691 -1.073
-6.693 -1.087
-6.697 -1.101
-6.703 -1.116
-6.703 -1.129
-6.694 -1.141
-6.686 -1.153
-6.66 -1.162
-6.647 -1.174
-6.643 -1.186
-6.645 -1.2
-6.645 -1.214
-6.642 -1.227
-6.633 -1.238
-6.621 -1.25
-6.609 -1.261
-6.609 -1.274
-6.606 -1.287
-6.587 -1.297
-6.575 -1.308
-6.568 -1.32
-6.556 -1.331
-6.546 -1.342
-6.547 -1.356
-6.552 -1.37
-6.547 -1.383
-6.533 -1.393
-6.526 -1.405
-6.524 -1.418
-6.544 -1.436
-6.544 -1.449
-6.544 -1.463
-6.548 -1.477
-6.552 -1.491
-6.552 -1.505
-6.548 -1.518
-6.541 -1.53
-6.537 -1.542
-6.538 -1.556
-6.544 -1.571
-6.551 -1.586
-6.55 -1.6
-6.535 -1.61
-6.527 -1.621
-6.519 -1.633
-6.508 -1.644
-6.495 -1.654
-6.484 -1.665
-6.478 -1.677
-6.468 -1.688
-6.455 -1.698
-6.45 -1.71
-6.448 -1.723
-6.443 -1.735
-6.438 -1.748
-6.436 -1.761
-6.437 -1.775
-6.44 -1.789
-6.436 -1.801
-6.435 -1.815
-6.427 -1.826
-6.422 -1.838
-6.411 -1.849
-6.404 -1.861
-6.398 -1.872
-6.396 -1.885
-6.391 -1.898
-6.389 -1.911
-6.392 -1.925
-6.389 -1.938
-6.389 -1.952
-6.384 -1.964
-6.374 -1.975
-6.364 -1.985
-6.353 -1.996
-6.351 -2.009
-6.352 -2.023
-6.351 -2.036
-6.353 -2.05
-6.348 -2.062
-6.339 -2.073
-6.315 -2.079
-6.298 -2.087
-6.285 -2.097
-6.277 -2.108
-6.272 -2.12
-6.272 -2.134
-6.271 -2.147
-6.277 -2.163
-6.282 -2.179
-6.286 -2.194
-6.285 -2.207
-6.263 -2.213
-6.253 -2.223
-6.252 -2.237
-6.254 -2.251
-6.254 -2.265
-6.248 -2.277
-6.231 -2.285
-6.214 -2.293
-6.208 -2.304
-6.203 -2.316
-6.201 -2.329
-6.194 -2.341
-6.183 -2.35
-6.164 -2.357
-6.157 -2.368
-6.152 -2.38
-6.151 -2.393
-6.138 -2.403
-6.127 -2.412
-6.114 -2.421
-6.103 -2.43
-6.091 -2.439
-6.068 -2.444
-6.057 -2.453
-6.051 -2.465
-6.043 -2.475
-6.036 -2.486
-6.038 -2.501
-6.041 -2.516
-6.041 -2.53
-6.039 -2.543
-6.026 -2.552
-6.023 -2.564
-6.014 -2.574
-6.002 -2.583
-5.998 -2.595
-5.993 -2.607
-5.985 -2.618
-5.979 -2.629
-5.971 -2.64
-5.973 -2.655
-5.971 -2.668
-5.966 -2.68
-5.962 -2.692
-5.952 -2.702
-5.94 -2.71
-5.93 -2.72
-5.925 -2.731
-5.929 -2.747
-5.913 -2.754
-5.891 -2.758
-5.885 -2.769
-5.88 -2.781
-5.874 -2.792
-5.862 -2.801
-5.863 -2.815
-5.86 -2.828
-5.845 -2.835
-5.814 -2.834
-5.806 -2.844
-5.809 -2.86
-5.817 -2.878
-5.815 -2.891
-5.814 -2.905
-5.813 -2.919
-5.81 -2.931
-5.805 -2.943
-5.797 -2.954
-5.787 -2.963
-5.769 -2.968
-5.758 -2.977
-5.746 -2.985
-5.74 -2.996
-5.737 -3.009
-5.738 -3.024
-5.733 -3.035
-5.726 -3.046
-5.71 -3.052
-5.696 -3.059
-5.683 -3.066
-5.675 -3.077
-5.671 -3.089
-5.664 -3.099
-5.655 -3.109
-5.643 -3.117
-5.633 -3.126
-5.625 -3.136
-5.623 -3.149
-5.609 -3.155
-5.593 -3.161
-5.593 -3.176
-5.592 -3.19
-5.584 -3.2
-5.578 -3.211
-5.572 -3.222
-5.567 -3.233
-5.559 -3.244
-5.547 -3.251
-5.54 -3.262
-5.526 -3.268
-5.509 -3.273
-5.497 -3.28
-5.487 -3.289
-5.484 -3.302
-5.477 -3.312
-5.463 -3.318
-5.448 -3.324
-5.436 -3.331
-5.425 -3.339
-5.417 -3.349
-5.411 -3.36
-5.402 -3.369
-5.396 -3.38
-5.394 -3.393
-5.387 -3.404
-5.375 -3.411
-5.363 -3.418
-5.354 -3.427
-5.354 -3.442
-5.354 -3.457
-5.344 -3.466
-5.332 -3.473
-5.323 -3.482
-5.309 -3.487
-5.3 -3.496
-5.285 -3.502
-5.271 -3.507
-5.261 -3.515
-5.245 -3.519
-5.229 -3.524
-5.22 -3.533
-5.211 -3.541
-5.201 -3.55
-5.189 -3.556
-5.175 -3.562
-5.158 -3.565
-5.15 -3.574
-5.137 -3.58
-5.124 -3.586
-5.127 -3.604
-5.12 -3.614
-5.109 -3.621
-5.101 -3.63
-5.09 -3.637
-5.081 -3.646
-5.074 -3.656
-5.071 -3.669
-5.065 -3.68
-5.055 -3.688
-5.044 -3.695
-5.029 -3.699
-5.013 -3.703
-4.997 -3.706
-4.991 -3.717
-4.987 -3.729
-4.978 -3.738
-4.972 -3.748
-4.966 -3.759
-4.953 -3.765
-4.944 -3.773
-4.935 -3.782
-4.925 -3.789
-4.914 -3.796
-4.895 -3.797
-4.886 -3.805
-4.877 -3.814
-4.875 -3.828
-4.88 -3.847
-4.878 -3.861
-4.866 -3.867
-4.849 -3.869
-4.842 -3.879
-4.832 -3.887
-4.825 -3.897
-4.813 -3.903
-4.804 -3.911
-4.794 -3.919
-4.783 -3.925
-4.773 -3.933
-4.757 -3.936
-4.743 -3.94
-4.727 -3.942
-4.715 -3.948
-4.704 -3.954
-4.693 -3.961
-4.688 -3.973
-4.681 -3.982
-4.669 -3.987
-4.657 -3.994
-4.641 -3.995
-4.631 -4.002
-4.625 -4.014
-4.618 -4.023
-4.606 -4.028
-4.594 -4.035
-4.586 -4.043
-4.578 -4.052
-4.564 -4.056
-4.553 -4.062
-4.542 -4.068
-4.535 -4.078
-4.527 -4.087
-4.521 -4.097
-4.513 -4.107
-4.505 -4.115
-4.497 -4.124
-4.487 -4.132
-4.478 -4.139
-4.466 -4.145
-4.452 -4.148
-4.436 -4.149
-4.422 -4.153
-4.413 -4.161
-4.405 -4.169
-4.397 -4.178
-4.388 -4.186
-4.374 -4.189
-4.362 -4.194
-4.355 -4.204
-4.349 -4.214
-4.343 -4.225
-4.338 -4.237
-4.321 -4.237
-4.3 -4.233
-4.283 -4.233
-4.265 -4.232
-4.25 -4.233
-4.241 -4.241
-4.245 -4.262
-4.242 -4.275
-4.232 -4.283
-4.219 -4.286
-4.21 -4.293
-4.199 -4.3
-4.188 -4.304
-4.173 -4.307
-4.163 -4.313
-4.153 -4.32
-4.146 -4.329
-4.138 -4.338
-4.128 -4.344
-4.114 -4.347
-4.103 -4.352
-4.092 -4.357
-4.077 -4.359
-4.064 -4.362
-4.052 -4.367
-4.042 -4.373
-4.031 -4.378
-4.024 -4.387
-4.017 -4.397
-4.009 -4.405
-3.999 -4.412
-3.988 -4.418
-3.979 -4.424
-3.968 -4.431
-3.959 -4.438
-3.955 -4.451
-3.946 -4.458
-3.932 -4.46
-3.919 -4.463
-3.911 -4.471
-3.896 -4.471
-3.881 -4.473
-3.873 -4.481
-3.866 -4.491
-3.856 -4.497
-3.844 -4.501
-3.834 -4.507
-3.826 -4.515
-3.814 -4.519
-3.804 -4.525
-3.794 -4.531
-3.783 -4.536
-3.769 -4.538
-3.756 -4.54
-3.745 -4.546
-3.736 -4.553
-3.727 -4.56
-3.718 -4.567
-3.702 -4.566
-3.687 -4.565
-3.675 -4.568
-3.664 -4.573
-3.652 -4.577
-3.638 -4.578
-3.629 -4.585
-3.616 -4.587
-3.6 -4.585
-3.589 -4.59
-3.581 -4.597
-3.574 -4.607
-3.565 -4.614
-3.553 -4.618
-3.537 -4.616
-3.528 -4.622
-3.518 -4.629
-3.507 -4.633
-3.497 -4.638
-3.485 -4.642
-3.471 -4.642
-3.457 -4.642
-3.449 -4.651
-3.438 -4.655
-3.421 -4.651
-3.407 -4.65
-3.396 -4.655
-3.387 -4.661
-3.377 -4.668
-3.366 -4.671
-3.354 -4.674
-3.346 -4.682
-3.334 -4.685
-3.323 -4.689
-3.312 -4.694
-3.303 -4.7
-3.292 -4.704
-3.282 -4.709
-3.275 -4.719
-3.267 -4.726
-3.255 -4.729
-3.24 -4.727
-3.23 -4.732
-3.225 -4.746
-3.214 -4.749
-3.198 -4.746
-3.183 -4.744
-3.169 -4.743
-3.154 -4.74
-3.139 -4.738
-3.126 -4.738
-3.114 -4.741
-3.107 -4.751
-3.102 -4.762
-3.09 -4.765
-3.077 -4.765
-3.064 -4.765
-3.053 -4.77
-3.043 -4.774
-3.029 -4.773
-3.019 -4.778
-3.005 -4.776
-2.993 -4.778
-2.983 -4.783
-2.974 -4.789
-2.963 -4.793
-2.95 -4.793
-2.939 -4.797
-2.928 -4.799
-2.915 -4.799
-2.904 -4.802
-2.89 -4.8
-2.876 -4.798
-2.862 -4.797
-2.85 -4.798
-2.838 -4.799
-2.829 -4.805
-2.82 -4.811
-2.809 -4.815
-2.798 -4.817
-2.79 -4.825
-2.781 -4.832
-2.767 -4.829
-2.757 -4.833
-2.746 -4.837
-2.732 -4.833
-2.721 -4.836
-2.71 -4.839
-2.701 -4.845
-2.691 -4.849
-2.682 -4.855
-2.667 -4.851
-2.652 -4.846
-2.642 -4.852
-2.637 -4.864
-2.624 -4.863
-2.613 -4.865
-2.599 -4.862
-2.588 -4.865
-2.577 -4.867
-2.562 -4.863
-2.55 -4.862
-2.537 -4.861
-2.527 -4.864
-2.519 -4.872
-2.51 -4.879
-2.5 -4.884
-2.489 -4.886
-2.477 -4.885
-2.468 -4.89
-2.46 -4.899
-2.454 -4.911
-2.445 -4.917
-2.43 -4.912
-2.415 -4.906
-2.404 -4.906
-2.393 -4.91
-2.381 -4.91
-2.37 -4.911
-2.359 -4.912
-2.348 -4.914
-2.334 -4.911
-2.323 -4.912
-2.311 -4.911
-2.299 -4.91
-2.288 -4.912
-2.276 -4.911
-2.261 -4.904
-2.249 -4.904
-2.24 -4.909
-2.23 -4.914
-2.221 -4.918
-2.214 -4.928
-2.204 -4.934
-2.195 -4.938
-2.184 -4.939
-2.171 -4.937
-2.159 -4.936
-2.147 -4.935
-2.136 -4.936
-2.125 -4.938
-2.114 -4.938
-2.102 -4.936
-2.089 -4.933
-2.079 -4.936
-2.068 -4.938
-2.057 -4.94
-2.047 -4.941
-2.035 -4.941
-2.026 -4.945
-2.014 -4.943
-2.003 -4.946
-1.994 -4.95
-1.984 -4.954
-1.973 -4.954
-1.96 -4.95
-1.948 -4.949
-1.937 -4.95
-1.928 -4.953
-1.918 -4.957
-1.907 -4.959
-1.895 -4.955
-1.884 -4.956
-1.872 -4.953
-1.861 -4.955
-1.85 -4.955
-1.839 -4.954
-1.827 -4.951
-1.814 -4.946
-1.802 -4.944
-1.79 -4.942
-1.779 -4.942
-1.769 -4.944
-1.758 -4.944
-1.747 -4.945
-1.738 -4.948
-1.727 -4.949
-1.713 -4.939
-1.702 -4.939
-1.691 -4.938
-1.682 -4.944
-1.672 -4.948
-1.661 -4.946
-1.651 -4.95
-1.641 -4.952
-1.631 -4.953
-1.619 -4.951
-1.609 -4.951
-1.598 -4.952
-1.587 -4.951
-1.576 -4.949
-1.565 -4.949
-1.555 -4.95
-1.543 -4.948
-1.532 -4.944
-1.522 -4.947
-1.513 -4.953
-1.504 -4.958
-1.491 -4.95
-1.48 -4.948
-1.468 -4.944
-1.457 -4.943
-1.447 -4.943
-1.434 -4.937
-1.424 -4.937
-1.414 -4.939
-1.404 -4.941
-1.392 -4.937
-1.381 -4.933
-1.371 -4.936
-1.362 -4.939
-1.35 -4.934
-1.339 -4.934
-1.329 -4.933
-1.319 -4.936
-1.309 -4.935
-1.298 -4.935
-1.288 -4.937
-1.279 -4.941
-1.269 -4.943
-1.258 -4.942
-1.246 -4.934
-1.235 -4.932
-1.225 -4.932
-1.213 -4.926
-1.202 -4.921
-1.191 -4.92
-1.182 -4.925
-1.172 -4.926
-1.162 -4.923
-1.151 -4.921
-1.141 -4.923
-1.131 -4.923
-1.119 -4.917
-1.109 -4.915
-1.098 -4.913
-1.088 -4.914
-1.078 -4.913
-1.068 -4.913
-1.058 -4.914
-1.048 -4.913
-1.036 -4.904
-1.026 -4.904
-1.015 -4.903
-1.005 -4.901
-0.993 -4.891
-0.982 -4.885
-0.972 -4.886
-0.961 -4.882
-0.95 -4.878
-0.94 -4.874
-0.931 -4.882
-0.922 -4.887
-0.912 -4.887
-0.902 -4.883
-0.891 -4.881
-0.88 -4.874
-0.87 -4.872
-0.86 -4.871
-0.849 -4.863
-0.838 -4.859
-0.828 -4.857
-0.818 -4.858
-0.809 -4.859
-0.799 -4.857
-0.788 -4.85
-0.778 -4.849
-0.768 -4.85
-0.758 -4.85
-0.748 -4.848
-0.738 -4.841
-0.727 -4.836
-0.718 -4.839
-0.708 -4.838
-0.698 -4.833
-0.688 -4.831
-0.678 -4.831
-0.669 -4.838
-0.66 -4.838
-0.649 -4.835
-0.64 -4.836
-0.63 -4.836
-0.621 -4.836
-0.61 -4.832
-0.601 -4.83
-0.589 -4.817
-0.579 -4.812
-0.569 -4.808
-0.559 -4.805
-0.549 -4.8
-0.539 -4.796
-0.529 -4.793
-0.519 -4.79
-0.51 -4.789
-0.5 -4.789
-0.49 -4.78
-0.48 -4.78
-0.472 -4.788
-0.462 -4.79
-0.452 -4.784
-0.442 -4.771
-0.431 -4.763
-0.422 -4.761
-0.413 -4.765
-0.404 -4.769
-0.394 -4.769
-0.384 -4.766
-0.375 -4.764
-0.365 -4.755
-0.355 -4.746
-0.345 -4.737
-0.335 -4.732
-0.326 -4.731
-0.317 -4.737
-0.307 -4.734
-0.297 -4.728
-0.288 -4.723
-0.278 -4.722
-0.269 -4.716
-0.259 -4.712
-0.25 -4.71
-0.24 -4.703
-0.231 -4.706
-0.222 -4.708
-0.213 -4.711
-0.203 -4.707
-0.194 -4.701
-0.185 -4.697
-0.175 -4.696
-0.166 -4.693
-0.157 -4.69
-0.147 -4.69
-0.138 -4.687
-0.129 -4.687
-0.12 -4.687
-0.11 -4.686
-0.101 -4.682
-0.092 -4.67
-0.082 -4.664
-0.073 -4.658
-0.064 -4.656
-0.055 -4.651
-0.046 -4.65
-0.036 -4.645
-0.027 -4.637
-0.018 -4.633
-0.009 -4.632
0 -4.63
0.009 -4.619
0.018 -4.605
0.027 -4.601
0.036 -4.616
0.045 -4.616
0.054 -4.611
0.063 -4.609
0.072 -4.606
0.081 -4.601
0.09 -4.597
0.099 -4.587
0.108 -4.579
0.117 -4.578
0.126 -4.578
0.135 -4.578
0.144 -4.571
0.153 -4.569
0.161 -4.565
0.17 -4.555
0.179 -4.555
0.188 -4.554
0.197 -4.548
0.205 -4.54
0.214 -4.535
0.223 -4.532
0.231 -4.53
0.24 -4.529
0.249 -4.526
0.258 -4.523
0.266 -4.512
0.275 -4.508
0.283 -4.506
0.292 -4.5
0.301 -4.496
0.309 -4.494
0.316 -4.466
0.325 -4.465
0.332 -4.446
0.348 -4.535
0.357 -4.534
0.366 -4.534
0.36 -4.36
0.369 -4.36
0.378 -4.359
0.386 -4.358
0.366 -4.039
0.374 -4.038
0.382 -4.038
0.39 -4.037
0.361 -3.67
0.369 -3.669
0.344 -3.36
0.351 -3.359
0.357 -3.358
0.346 -3.188
0.352 -3.188
0.358 -3.187
0.364 -3.186
0.373 -3.209
0.38 -3.209
0.391 -3.25
0.398 -3.249
0.404 -3.248
0.442 -3.497
0.449 -3.496
0.456 -3.495
0.513 -3.878
0.521 -3.877
0.584 -4.287
0.593 -4.286
0.601 -4.285
0.647 -4.548
0.656 -4.546
0.665 -4.545
0.679 -4.58
0.684 -4.547
0.693 -4.546
0.697 -4.513
0.705 -4.512
0.714 -4.51
0.722 -4.502
0.735 -4.528
0.744 -4.527
0.747 -4.49
0.756 -4.489
0.762 -4.472
0.775 -4.49
0.783 -4.489
0.785 -4.444
0.793 -4.443
0.798 -4.419
0.811 -4.44
0.82 -4.439
0.822 -4.403
0.828 -4.387
0.842 -4.417
0.851 -4.415
0.855 -4.387
0.859 -4.362
0.871 -4.379
0.873 -4.347
0.882 -4.345
0.895 -4.365
0.898 -4.336
0.903 -4.316
0.915 -4.331
0.916 -4.297
0.925 -4.296
0.927 -4.263
0.935 -4.263
0.939 -4.239
0.95 -4.25
0.953 -4.225
0.963 -4.23
0.965 -4.203
0.97 -4.184
0.979 -4.188
0.985 -4.174
0.987 -4.147
0.993 -4.136
0.999 -4.124
1.009 -4.131
1.014 -4.115
1.015 -4.087
1.023 -4.083
1.029 -4.074
1.036 -4.069
1.042 -4.06
1.049 -4.051
1.054 -4.041
1.061 -4.034
1.069 -4.032
1.077 -4.029
1.085 -4.026
1.092 -4.022
1.098 -4.015
1.107 -4.015
1.115 -4.013
1.121 -4.004
1.126 -3.994
1.133 -3.986
1.14 -3.982
1.148 -3.98
1.155 -3.976
1.161 -3.968
1.169 -3.964
1.176 -3.961
1.182 -3.951
1.187 -3.942
1.194 -3.935
1.201 -3.931
1.207 -3.925
1.215 -3.921
1.221 -3.916
1.228 -3.909
1.234 -3.902
1.242 -3.902
1.249 -3.898
1.256 -3.89
1.262 -3.884
1.27 -3.881
1.276 -3.876
1.284 -3.875
1.293 -3.875
1.297 -3.861
1.303 -3.855
1.31 -3.85
1.315 -3.841
1.322 -3.836
1.329 -3.831
1.336 -3.828
1.343 -3.823
1.349 -3.818
1.354 -3.808
1.359 -3.797
1.366 -3.794
1.373 -3.79
1.381 -3.789
1.388 -3.784
1.394 -3.78
1.401 -3.775
1.407 -3.769
1.411 -3.756
1.419 -3.755
1.426 -3.752
1.434 -3.749
1.439 -3.741
1.445 -3.734
1.45 -3.727
1.456 -3.721
1.464 -3.719
1.469 -3.711
1.477 -3.71
1.484 -3.705
1.491 -3.701
1.495 -3.691
1.501 -3.686
1.507 -3.678
1.512 -3.671
1.518 -3.664
1.522 -3.655
1.529 -3.652
1.536 -3.648
1.54 -3.638
1.549 -3.638
1.554 -3.63
1.561 -3.628
1.568 -3.623
1.575 -3.619
1.582 -3.617
1.587 -3.608
1.591 -3.598
1.597 -3.594
1.605 -3.593
1.609 -3.583
1.615 -3.576
1.62 -3.57
1.626 -3.564
1.632 -3.559
1.638 -3.554
1.647 -3.555
1.652 -3.547
1.659 -3.545
1.666 -3.539
1.669 -3.529
1.674 -3.521
1.682 -3.52
1.686 -3.51
1.687 -3.496
1.693 -3.49
1.697 -3.482
1.703 -3.476
1.71 -3.474
1.718 -3.472
1.722 -3.463
1.73 -3.462
1.736 -3.457
1.741 -3.451
1.747 -3.446
1.755 -3.445
1.761 -3.439
1.766 -3.432
1.767 -3.418
1.772 -3.41
1.779 -3.408
1.786 -3.406
1.793 -3.402
1.797 -3.394
1.798 -3.381
1.801 -3.37
1.808 -3.367
1.817 -3.368
1.824 -3.364
1.827 -3.355
1.836 -3.354
1.841 -3.349
1.847 -3.343
1.854 -3.341
1.858 -3.334
1.861 -3.323
1.864 -3.313
1.868 -3.304
1.874 -3.301
1.882 -3.299
1.888 -3.296
1.892 -3.286
1.894 -3.275
1.898 -3.268
1.904 -3.263
1.909 -3.257
1.914 -3.251
1.92 -3.247
1.924 -3.239
1.927 -3.23
1.935 -3.228
1.943 -3.226
1.95 -3.224
1.954 -3.217
1.958 -3.209
1.965 -3.206
1.967 -3.196
1.972 -3.189
1.974 -3.178
1.98 -3.175
1.988 -3.174
1.99 -3.163
1.993 -3.155
1.998 -3.148
2.004 -3.144
2.005 -3.132
2.01 -3.126
2.014 -3.12
2.017 -3.111
2.024 -3.107
2.029 -3.102
2.032 -3.094
2.042 -3.096
2.044 -3.086
2.047 -3.077
2.052 -3.072
2.061 -3.072
2.066 -3.066
2.066 -3.054
2.072 -3.049
2.077 -3.043
2.082 -3.038
2.091 -3.038
2.097 -3.034
2.1 -3.026
2.107 -3.023
2.105 -3.007
2.11 -3.002
2.12 -3.003
2.121 -2.993
2.127 -2.988
2.127 -2.977
2.128 -2.965
2.134 -2.962
2.141 -2.959
2.144 -2.951
2.153 -2.952
2.156 -2.944
2.164 -2.942
2.164 -2.93
2.168 -2.923
2.172 -2.916
2.177 -2.911
2.183 -2.908
2.183 -2.896
2.19 -2.893
2.195 -2.888
2.199 -2.881
2.202 -2.874
2.204 -2.865
2.211 -2.862
2.218 -2.859
2.223 -2.854
2.229 -2.851
2.234 -2.845
2.234 -2.833
2.234 -2.823
2.242 -2.821
2.248 -2.817
2.253 -2.812
2.258 -2.807
2.263 -2.802
2.271 -2.8
2.273 -2.792
2.277 -2.785
2.279 -2.777
2.282 -2.77
2.284 -2.761
2.284 -2.75
2.292 -2.749
2.303 -2.751
2.3 -2.737
2.304 -2.73
2.31 -2.726
2.317 -2.724
2.316 -2.712
2.32 -2.706
2.326 -2.702
2.334 -2.701
2.334 -2.69
2.336 -2.681
2.336 -2.67
2.34 -2.665
2.345 -2.66
2.35 -2.655
2.35 -2.645
2.361 -2.646
2.363 -2.638
2.366 -2.632
2.372 -2.628
2.38 -2.626
2.385 -2.621
2.385 -2.611
2.39 -2.606
2.391 -2.596
2.389 -2.584
2.394 -2.579
2.404 -2.58
2.406 -2.572
2.407 -2.563
2.413 -2.56
2.425 -2.562
2.423 -2.55
2.423 -2.54
2.424 -2.531
2.431 -2.528
2.442 -2.53
2.44 -2.518
2.442 -2.51
2.444 -2.502
2.443 -2.492
2.446 -2.484
2.45 -2.479
2.458 -2.477
2.47 -2.48
2.46 -2.46
2.468 -2.458
2.479 -2.46
2.484 -2.455
2.485 -2.447
2.485 -2.437
2.487 -2.429
2.484 -2.417
2.486 -2.409
2.493 -2.407
2.499 -2.402
2.506 -2.4
2.504 -2.389
2.512 -2.387
2.51 -2.376
2.508 -2.365
2.518 -2.364
2.519 -2.356
2.529 -2.356
2.531 -2.349
2.533 -2.341
2.538 -2.337
2.54 -2.33
2.538 -2.318
2.547 -2.318
2.55 -2.311
2.555 -2.307
2.559 -2.301
2.554 -2.288
2.558 -2.282
2.57 -2.284
2.572 -2.276
2.572 -2.268
2.575 -2.261
2.58 -2.257
2.585 -2.252
2.583 -2.241
2.589 -2.237
2.598 -2.237
2.6 -2.229
2.6 -2.22
2.611 -2.221
2.608 -2.21
2.607 -2.2
2.616 -2.199
2.617 -2.191
2.622 -2.186
2.619 -2.175
2.623 -2.17
2.629 -2.166
2.635 -2.162
2.636 -2.154
2.648 -2.156
2.647 -2.146
2.637 -2.129
2.65 -2.132
2.657 -2.128
2.659 -2.121
2.661 -2.115
2.664 -2.108
2.665 -2.101
2.667 -2.094
2.675 -2.092
2.678 -2.086
2.675 -2.075
2.676 -2.068
2.689 -2.069
2.687 -2.059
2.689 -2.053
2.683 -2.039
2.685 -2.033
2.704 -2.039
2.696 -2.024
2.699 -2.018
2.703 -2.013
2.701 -2.003
2.709 -2.001
2.715 -1.997
2.717 -1.99
2.715 -1.98
2.72 -1.976
2.721 -1.969
2.724 -1.963
2.72 -1.952
2.729 -1.95
2.736 -1.947
2.735 -1.938
2.741 -1.934
2.748 -1.931
2.755 -1.928
2.75 -1.917
2.754 -1.912
2.757 -1.905
2.757 -1.898
2.762 -1.893
2.755 -1.881
2.753 -1.871
2.773 -1.876
2.777 -1.871
2.781 -1.866
2.777 -1.856
2.78 -1.85
2.781 -1.842
2.78 -1.834
2.788 -1.832
2.79 -1.825
2.793 -1.819
2.793 -1.811
2.793 -1.804
2.788 -1.792
2.792 -1.787
2.798 -1.783
2.8 -1.777
2.796 -1.767
2.803 -1.764
2.807 -1.758
2.811 -1.753
2.809 -1.744
2.813 -1.739
2.82 -1.736
2.813 -1.724
2.815 -1.717
2.811 -1.708
2.816 -1.703
2.823 -1.7
2.825 -1.693
2.823 -1.684
2.835 -1.684
2.834 -1.676
2.835 -1.669
2.843 -1.666
2.843 -1.659
2.845 -1.652
2.851 -1.649
2.854 -1.643
2.854 -1.635
2.86 -1.631
2.866 -1.627
2.861 -1.617
2.862 -1.61
2.865 -1.605
2.872 -1.601
2.871 -1.593
2.865 -1.583
2.881 -1.584
2.881 -1.576
2.888 -1.573
2.89 -1.567
2.889 -1.559
2.891 -1.553
2.891 -1.545
2.897 -1.541
2.897 -1.534
2.899 -1.528
2.909 -1.526
2.9 -1.514
2.904 -1.508
2.904 -1.501
2.905 -1.495
2.903 -1.486
2.905 -1.48
2.912 -1.477
2.922 -1.474
2.921 -1.467
2.916 -1.457
2.921 -1.452
2.93 -1.45
2.945 -1.45
2.939 -1.44
2.931 -1.429
2.933 -1.423
2.937 -1.417
2.942 -1.413
2.942 -1.406
2.944 -1.399
2.959 -1.399
2.959 -1.393
2.961 -1.386
2.961 -1.379
2.962 -1.373
2.959 -1.364
2.965 -1.36
2.974 -1.357
2.973 -1.349
2.974 -1.343
2.972 -1.335
2.977 -1.33
2.988 -1.328
2.982 -1.318
2.984 -1.312
2.978 -1.303
2.979 -1.296
2.978 -1.289
2.983 -1.284
2.99 -1.28
2.998 -1.276
2.995 -1.268
3 -1.263
2.999 -1.256
2.998 -1.249
3.001 -1.243
3.008 -1.239
3.004 -1.23
3 -1.222
3.005 -1.217
3.02 -1.216
3.028 -1.213
3.017 -1.201
3.022 -1.196
3.03 -1.193
3.024 -1.183
3.025 -1.177
3.029 -1.172
3.034 -1.167
3.033 -1.16
3.026 -1.15
3.03 -1.145
3.029 -1.138
3.025 -1.13
3.036 -1.127
3.037 -1.12
3.034 -1.112
3.032 -1.105
3.036 -1.1
3.037 -1.093
3.042 -1.088
3.042 -1.082
3.046 -1.077
3.048 -1.07
3.049 -1.064
3.05 -1.058
3.061 -1.055
3.055 -1.046
3.05 -1.037
3.061 -1.035
3.08 -1.034
3.063 -1.022
3.074 -1.019
3.081 -1.014
3.073 -1.005
3.082 -1.002
3.073 -0.992
3.075 -0.986
3.077 -0.98
3.072 -0.971
3.08 -0.968
3.083 -0.962
3.082 -0.955
3.082 -0.948
3.076 -0.94
3.081 -0.935
3.092 -0.931
3.094 -0.925
3.098 -0.92
3.087 -0.91
3.091 -0.905
3.095 -0.899
3.101 -0.894
3.104 -0.888
3.105 -0.882
3.101 -0.875
3.105 -0.869
3.112 -0.864
3.106 -0.856
3.106 -0.85
3.101 -0.842
3.102 -0.836
3.106 -0.83
3.107 -0.824
3.11 -0.818
3.124 -0.815
3.126 -0.809
3.114 -0.8
3.118 -0.794
3.121 -0.788
3.123 -0.782
3.128 -0.777
3.122 -0.769
3.125 -0.763
3.128 -0.757
3.132 -0.752
3.128 -0.744
3.124 -0.737
3.131 -0.732
3.134 -0.726
3.139 -0.721
3.133 -0.713
3.129 -0.706
3.136 -0.701
3.156 -0.699
3.152 -0.692
3.15 -0.685
3.147 -0.678
3.147 -0.671
3.144 -0.664
3.145 -0.658
3.141 -0.651
3.145 -0.645
3.164 -0.642
3.158 -0.635
3.15 -0.627
3.155 -0.621
3.165 -0.617
3.166 -0.61
3.165 -0.604
3.173 -0.599
3.161 -0.59
3.176 -0.586
3.166 -0.578
3.17 -0.572
3.187 -0.569
3.176 -0.561
3.185 -0.556
3.182 -0.549
3.186 -0.543
3.174 -0.535
3.169 -0.527
3.184 -0.524
3.175 -0.516
3.192 -0.512
3.199 -0.507
3.184 -0.498
3.201 -0.494
3.181 -0.485
3.207 -0.482
3.194 -0.474
3.202 -0.469
3.202 -0.462
3.197 -0.455
3.191 -0.448
3.189 -0.441
3.199 -0.436
3.2 -0.43
3.203 -0.424
3.201 -0.417
3.203 -0.411
3.203 -0.405
3.214 -0.4
3.221 -0.394
3.223 -0.388
3.219 -0.381
3.212 -0.374
3.211 -0.367
3.228 -0.363
3.238 -0.357
3.216 -0.349
3.221 -0.343
3.217 -0.336
3.222 -0.33
3.22 -0.324
3.226 -0.318
3.214 -0.31
3.215 -0.304
3.234 -0.299
3.23 -0.293
3.235 -0.287
3.243 -0.281
3.24 -0.274
3.235 -0.267
3.228 -0.26
3.231 -0.254
3.245 -0.249
3.236 -0.242
3.255 -0.237
3.249 -0.23
3.239 -0.223
3.236 -0.216
3.232 -0.21
3.223 -0.203
3.239 -0.197
3.244 -0.191
3.235 -0.184
3.256 -0.179
3.249 -0.172
3.257 -0.166
3.261 -0.16
3.255 -0.153
3.252 -0.147
3.246 -0.14
3.267 -0.135
3.24 -0.127
3.247 -0.121
3.246 -0.115
3.259 -0.109
3.267 -0.103
3.252 -0.096
3.251 -0.089
3.266 -0.083
3.262 -0.077
3.264 -0.071
3.271 -0.064
3.265 -0.058
3.271 -0.051
3.261 -0.045
3.274 -0.039
3.268 -0.032
3.291 -0.026
3.271 -0.019
3.288 -0.013
3.283 -0.006
